1000
2000
3000
4000
5000
6000
7000
8000
9000
10000
11000
12000
13000
14000
15000
16000
17000
18000
19000
20000
21000
22000
23000
24000
25000
26000
27000
28000
29000
30000
31000
32000
33000
34000
35000
36000
37000
38000
39000
40000
41000
42000
43000
44000
45000
46000
47000
48000
49000
50000
51000
52000
53000
54000
55000
56000
57000
58000
59000
60000
61000
62000
63000
64000
65000
66000
67000
68000
69000
70000
71000
72000
73000
74000
75000
76000
77000
78000
79000
80000
81000
82000
83000
84000
85000
86000
87000
88000
89000
90000
91000
92000
93000
94000
95000
96000
97000
98000
99000
100000
101000
102000
103000
104000
105000
106000
107000
108000
109000
110000
111000
112000
113000
114000
115000
116000
117000
118000
119000
120000
121000
122000
123000
124000
125000
126000
127000
128000
129000
130000
131000
132000
133000
134000
135000
136000
137000
138000
139000
140000
141000
142000
143000
144000
145000
146000
147000
148000
149000
150000
151000
152000
153000
154000
155000
156000
157000
158000
159000
160000
161000
162000
163000
164000
165000
166000
167000
168000
169000
170000
171000
172000
173000
174000
175000
176000
177000
178000
179000
180000
181000
182000
183000
184000
185000
186000
187000
188000
189000
190000
191000
192000
193000
194000
195000
196000
197000
198000
199000
200000
201000
202000
203000
204000
205000
206000
207000
208000
209000
210000
211000
212000
213000
214000
215000
216000
217000
218000
219000
220000
221000
222000
223000
224000
225000
226000
227000
228000
229000
230000
231000
232000
233000
234000
235000
236000
237000
238000
239000
240000
241000
242000
243000
244000
245000
246000
247000
248000
249000
250000
251000
252000
253000
254000
255000
256000
257000
258000
259000
260000
261000
262000
263000
264000
265000
266000
267000
268000
269000
270000
271000
272000
273000
274000
275000
276000
277000
278000
279000
280000
281000
282000
283000
284000
285000
286000
287000
288000
289000
290000
291000
292000
293000
294000
295000
296000
297000
298000
299000
300000
301000
302000
303000
304000
305000
306000
307000
308000
309000
310000
311000
312000
313000
314000
315000
316000
317000
318000
319000
320000
321000
322000
323000
324000
325000
326000
327000
328000
329000
330000
331000
332000
333000
334000
335000
336000
337000
338000
339000
340000
341000
342000
343000
344000
345000
346000
347000
348000
349000
350000
351000
352000
353000
354000
355000
356000
357000
358000
359000
360000
361000
362000
363000
364000
365000
366000
367000
368000
369000
370000
371000
372000
373000
374000
375000
376000
377000
378000
379000
380000
381000
382000
383000
384000
385000
386000
387000
388000
389000
390000
391000
392000
393000
394000
395000
396000
397000
398000
399000
400000
401000
402000
403000
404000
405000
406000
407000
408000
409000
410000
411000
412000
413000
414000
415000
416000
417000
418000
419000
420000
421000
422000
423000
424000
425000
426000
427000
428000
429000
430000
431000
432000
433000
434000
435000
436000
437000
438000
439000
440000
441000
442000
443000
444000
445000
446000
447000
448000
449000
450000
451000
452000
453000
454000
455000
456000
457000
458000
459000
460000
461000
462000
463000
464000
465000
466000
467000
468000
469000
470000
471000
472000
473000
474000
475000
476000
477000
478000
479000
480000
481000
482000
483000
484000
485000
486000
487000
488000
489000
490000
491000
492000
493000
494000
495000
496000
497000
498000
499000
0.303
0.302697
0.302697
0.302697
0.302697
0.302697
0.302697
0.302697
0.302697
0.302697
0.302697
0.302697
0.302697
0.302697
0.302697
0.302697
0.302697
0.302697
0.302697
0.302697
0.302697
0.302697
0.302697
0.302697
0.302697
0.302697
0.310697
0.310689
0.310689
0.310689
0.310689
0.310689
0.310689
0.310689
0.310689
0.318689
0.318681
0.318681
0.318681
0.318681
0.318681
0.326681
0.326673
0.326673
0.326673
0.326673
0.326673
0.334673
0.334665
0.334665
0.334665
0.334665
0.334665
0.342665
0.342657
0.342657
0.342657
0.350657
0.350649
0.350649
0.350649
0.358649
0.359641
0.35964
0.35964
0.36764
0.367632
0.367632
0.367632
0.367632
0.375632
0.375624
0.375624
0.375624
0.375624
0.375624
0.375624
0.383624
0.383616
0.383616
0.383616
0.383616
0.383616
0.383616
0.391616
0.391608
0.391608
0.391608
0.391608
0.391608
0.399608
0.3996
0.3996
0.3996
0.3996
0.4076
0.407592
0.407592
0.415592
0.415584
0.423584
0.423576
0.431576
0.431568
0.431568
0.431568
0.439568
0.43956
0.43956
0.43956
0.44756
0.447552
0.447552
0.455552
0.455544
0.463544
0.463536
0.463536
0.471536
0.471528
0.471528
0.479528
0.47952
0.47952
0.48752
0.487512
0.487512
0.487512
0.495512
0.495504
0.495504
0.495504
0.503504
0.503496
0.503497
0.503497
0.511497
0.519489
0.519481
0.527481
0.527473
0.535473
0.535465
0.535465
0.535465
0.543465
0.543457
0.543457
0.551457
0.551449
0.551449
0.559449
0.559441
0.559441
0.559441
0.567441
0.567433
0.567433
0.575433
0.575425
0.583425
0.591417
0.591409
0.591409
0.599409
0.599401
0.607401
0.615393
0.615385
0.615385
0.623385
0.623377
0.631377
0.631369
0.639369
0.639361
0.647361
0.647353
0.647353
0.655353
0.655345
0.663345
0.663337
0.671337
0.671329
0.679329
0.679321
0.687321
0.689313
0.689311
0.697311
0.697303
0.705303
0.705295
0.713295
0.715287
0.715285
0.723285
0.726277
0.726274
0.726274
0.734274
0.734266
0.742266
0.750258
0.75225
0.760248
0.76424
0.764236
0.774236
0.774226
0.784226
0.794216
0.802206
0.802198
0.802198
0.810198
0.81019
0.81819
0.818182
0.826182
0.830174
0.83017
0.83017
0.83817
0.846162
0.854154
0.862146
0.870138
0.87013
0.87813
0.878122
0.886122
0.894114
0.894106
0.902106
0.902098
0.910098
0.91009
0.91809
0.918082
0.926082
0.926074
0.934074
0.934066
0.942066
0.942058
0.950058
0.95005
0.95805
0.958042
0.966042
0.966034
0.974034
0.974026
0.982026
0.982018
0.990018
0.99801
0.998002
1.006
1.00599
1.01399
1.01599
1.01598
1.02598
1.02597
1.03397
1.03397
1.04197
1.04196
1.04996
1.05995
1.06194
1.07394
1.07393
1.08393
1.09392
1.09391
1.10191
1.1039
1.1039
1.1149
1.11489
1.12289
1.12488
1.13288
1.13487
1.13487
1.14487
1.14486
1.15586
1.15584
1.16384
1.17384
1.17583
1.18382
1.18382
1.19182
1.19181
1.19981
1.1998
1.2078
1.21579
1.21578
1.22378
1.22378
1.23178
1.23977
1.23976
1.24776
1.24775
1.25575
1.26374
1.26374
1.27174
1.27973
1.29572
1.3037
1.3037
1.3117
1.32769
1.33567
1.33566
1.34366
1.34366
1.35166
1.35965
1.35964
1.36764
1.37563
1.37562
1.38362
1.39162
1.39161
1.39961
1.3996
1.4076
1.41559
1.41558
1.42358
1.43158
1.43157
1.44057
1.44756
1.44955
1.45755
1.46054
1.46854
1.47053
1.48053
1.48052
1.49052
1.49051
1.49851
1.5065
1.50649
1.51449
1.52249
1.52248
1.53048
1.53847
1.54646
1.54645
1.55445
1.56245
1.56444
1.57244
1.57243
1.58443
1.58442
1.59242
1.60041
1.6004
1.6084
1.61639
1.62438
1.62638
1.63437
1.64337
1.64336
1.65336
1.66135
1.66334
1.67334
1.67333
1.68133
1.68932
1.69731
1.6993
1.7073
1.71529
1.71528
1.72328
1.73328
1.74027
1.74626
1.75125
1.75125
1.75925
1.76724
1.77523
1.77722
1.78522
1.79321
1.80121
1.8012
1.8092
1.81919
1.81918
1.82718
1.83517
1.84516
1.85315
1.85915
1.86614
1.87313
1.88113
1.88912
1.89711
1.9051
1.91509
1.91508
1.92508
1.93307
1.93307
1.94107
1.95106
1.95905
1.96704
1.97503
1.98502
1.99601
2.004
2.014
2.02199
2.02998
2.03997
2.04996
2.05795
2.06594
2.07393
2.07593
2.08392
2.09392
2.09591
2.1039
2.1219
2.12988
2.13387
2.14187
2.14986
2.15785
2.16584
2.17383
2.18183
2.18982
2.20781
2.21779
2.22678
2.23477
2.24277
2.26076
2.26474
2.28274
2.29372
2.31371
2.32569
2.34367
2.36366
2.37464
2.38263
2.39062
2.39861
2.4086
2.41859
2.43958
2.44956
2.45755
2.45954
2.46954
2.47753
2.49452
2.51051
2.51849
2.52648
2.54247
2.55446
2.56245
2.56244
2.58044
2.59642
2.6124
2.64439
2.65236
2.66835
2.67633
2.68432
2.69232
